Z01613525                       USGS 
H01613525       3940340780233002424043SW02070004193            399.89           
N01613525       LICKING CREEK AT PECTONVILLE, MD
Y01613525       
301613525       20050329   8590               10.54                      
301613525       20051130   5590                9.07                      
301613525       20070415   3680                7.86                      
301613525       20080305   6830               10.20                      
301613525       20090505   6000                9.60                      
301613525       20100125   5960                9.57                      
301613525       20110311   6590               10.09                      
301613525       20111123   4070                8.01                      
301613525       20121030   7390               10.55                      
301613525       20140516   4880                8.95   1                  
301613525       20150628   3280                7.28                      
301613525       20160204   3330                7.33                      
301613525       20170506   4760                8.60                      
301613525       20180913   5660                9.85                      
301613525       20181110   3790                8.15                      
301613525       20200125   2280                6.27                      
