Z01653600                       USGS 
H01653600       3842200765758002424033SW0207001039.5           7.63             
N01653600       PISCATAWAY CREEK AT PISCATAWAY, MD
Y01653600       
301653600       19660213    582                5.55   2              5.73
301653600       19661019    749                6.13                      
301653600       19680114    938                6.76                      
301653600       19690723    830                6.40                      
301653600       19700414    902                6.64                      
301653600       19710828   1180                7.19                      
301653600       19720622   4900                9.80                      
301653600       19730202    960                6.75                      
301653600       19740330    915                7.45                      
301653600       19750926   5000               10.48                      
301653600       19760101    937                7.19                      
301653600       19761026    338                5.20                      
301653600       19780126   2620                9.17                      
301653600       19790906   8500               11.21                      
301653600       19791010    636                6.79                      
301653600       19810614    669                6.62                      
301653600       19820531   1360                7.88                      
301653600       19830416   1220                7.67                      
301653600       19840329    999                7.30                      
301653600       19850928    806                6.93                      
301653600       19851003    445                5.74                      
301653600       19861225    821                6.96                      
301653600       19880120    648                6.57                      
301653600       19890502    856                6.94                      
301653600       19900101    658                6.38   2              6.51
301653600       19910112    583                6.12                      
301653600       19920327    564                6.05                      
301653600       19930305   1710                8.39                      
301653600       19940328   1970                8.68                      
301653600       19950309    814                6.83                      
301653600       19960911   1430                7.97                      
301653600       19961214   1080                7.44                      
301653600       19980309   1510                8.07                      
301653600       19990916   5600               10.56                      
301653600       20000322    617                6.91                      
301653600       20010728   1360                7.88                      
301653600       20020518    325                5.35                      
301653600       20030223   1470                8.02                      
301653600       20040618   1010                7.32                      
301653600       20050115    993                7.29                      
301653600       20061116   5260               10.46                      
301653600       20080512   5370               11.77                      
301653600       20090823    862                7.25                      
301653600       20091226   1560                8.49                      
301653600       20110908   6280               12.27                      
301653600       20111208   2360                9.48                      
301653600       20121030   1630                8.58                      
301653600       20140812   8130               13.15                      
301653600       20150621    916                7.37                      
301653600       20160225    590                6.59                      
301653600       20170812   2260                9.37                      
301653600       20180211   2680                9.81                      
301653600       20190708   2560                9.68                      
301653600       20200707  124002              15.42                      
