Z01072800                       USGS 
H01072800       4316060705827003333017SW0106000379.9           118.77           
N01072800       COCHECO RIVER NEAR ROCHESTER, NH.
Y01072800       
301072800       19960417   28105              13.87                      
301072800       19961022   30905              14.82                      
301072800       19980615   37005              15.51                      
301072800       19990917   13105               8.89                      
301072800       20000423   12505               8.50                      
301072800       20001218   14605               9.29                      
301072800       20020515    9595               7.39                      
301072800       20030331    9695               7.43                      
301072800       20040402   19805              11.11                      
301072800       20050404   26505              13.01                      
301072800       20060514   55505              18.86                      
301072800       20070416   72405              20.82                      
301072800       20080907   22405              12.01                      
301072800       20081126   18805              11.03                      
301072800       20100315   35905              15.05                      
301072800       20110418   17605              10.68                      
301072800       20111209   12605               8.92                      
301072800       20121222    8035               6.71                      
301072800       20140409   12305               8.80                      
301072800       20150422   14705               9.74                      
301072800       20160226   13005               9.11                      
301072800       20170407   14405               9.66                      
301072800       20180417   17605              10.69                      
301072800       20190428   11805               8.52                      
301072800       20191215   16905              10.48                      
