Z01589000                       USGS 
H01589000       3918370764732002424005SW02060003285            186.9            
N01589000       PATAPSCO RIVER AT HOLLOFIELD, MD
Y01589000       
301589000       193308    3600027Bd           19.50  Bd                  
301589000       19450718   9700                9.01                      
301589000       19460602  13500               11.62                      
301589000       19470519   4540                5.89                      
301589000       19480101   7080                7.38                      
301589000       19481230   4540                5.91                      
301589000       19500910   7590                7.71                      
301589000       19510207   6060                6.81                      
301589000       19520526  12300               10.69                      
301589000       19521122  10800                9.72                      
301589000       19540504   2900                4.80                      
301589000       19550813   78606               7.86                      
301589000       19560721  190006              15.88                      
301589000       19570913   32606               5.06                      
301589000       19571221   28306               4.75                      
301589000       19590902   28406               4.76                      
301589000       19600912   19406               4.06                      
301589000       19610225   220026                                        
301589000       19620226   18006               4.01                      
301589000       19630306   25706               4.56                      
301589000       19640109   39606               5.54                      
301589000       19650305   19206               4.04                      
301589000       19660213   29806               4.86                      
301589000       19670827   52406               6.32                      
301589000       19680911   39006               5.50                      
301589000       19690904   23606               4.40                      
301589000       19700710   16706               3.83                      
301589000       19710912  127006              11.01                      
301589000       19720622  806005              31.30    1868              
301589000       19721208   49006               7.00                      
301589000       19740330   28706               5.69                      
301589000       19750926  465006              22.80                      
301589000       19760101   63306               7.14                      
301589000       19761009   31506               5.25                      
301589000       19780126   67706               7.50                      
301589000       19790906  105006               9.51                      
301589000       19791001   99006               9.20                      
301589000       19810614   56806               6.82                      
301589000       19820203   29506               5.64                      
301589000       19830415   44506               6.06                      
301589000       19840701   62706               7.19                      
301589000       19850212   79506               8.19                      
301589000       19860416    8906               3.21                      
301589000       19870908   37406               5.60                      
301589000       19880120   69406               7.60                      
301589000       19890506  118006              10.22                      
301589000       19891116   29606               5.09                      
301589000       19901023   74106               7.88                      
301589000       19940414   15706               3.99                      
301589000       20010623   34106               5.30                      
301589000       20011125    7146               3.04                      
301589000       20030923   90106               8.78                      
301589000       20031211  148006              11.62                      
301589000       20100425   18306               4.01                      
301589000       20110907  187006              12.62                      
301589000       20111123   61006               6.89                      
301589000       20130131  1440026             10.85   2             12.29
301589000       20140430  203006              13.25                      
301589000       20150627   67706               7.26                      
301589000       20160730  228006              14.24                      
301589000       20170525   19206               4.06                      
301589000       20180603  121006               9.87                      
301589000       20181216   83406               8.08                      
301589000       20191101   59006               6.78                      
