Z02160381                       USGS 
H02160381       3443000821026004545059SW0305010812.9          678.24            
N02160381       DURBIN CREEK ABOVE FOUNTAIN INN, SC
Y02160381       
302160381       19950827                      14.58                      
302160381       19960306   1160                7.03                      
302160381       19970228   1270                7.28                      
302160381       19980409    835                8.05                      
302160381       19981004    447                6.32                      
302160381       19991011    942                8.41                      
302160381       20010904    622                7.07                      
302160381       20020915   1570                7.89                      
302160381       20030320                       8.54                      
302160381       20040927                      10.33                      
302160381       20050328   1320                7.38                      
302160381       20051007    799                6.06                      
302160381       20070302   1540                7.82   6                  
302160381       20080302   1540                7.82                      
302160381       20090617    871                6.36                      
302160381       20100125                       7.92                      
302160381       20101201    197                4.27                      
302160381       20120731    355                5.09                      
302160381       20130505    922                6.30                      
302160381       20140111                       8.33                      
302160381       20150604    374                4.95                      
302160381       20151004    910                8.54                      
302160381       20170424    593                6.17                      
302160381       20180809    663                6.64                      
302160381       20181115    722                7.06                      
302160381       20200206   11802              10.50                      
