Z01593500                       USGS 
H01593500       3910030765104002424027SW0206000638.0           258.56           
N01593500       LITTLE PATUXENT RIVER AT GUILFORD, MD
Y01593500       
301593500       19330823   4210               12.50                      
301593500       19340917   1480                9.40                      
301593500       19350721    915                7.70                      
301593500       19360103   1320                9.00                      
301593500       19370426   2000               10.30                      
301593500       19371113   1820               10.10                      
301593500       19390130    968                7.90                      
301593500       19400420   2740               11.50   5                  
301593500       19410624    563                6.14                      
301593500       19420711   2180               10.66                      
301593500       19430512   1400                9.17                      
301593500       19431109   2060               10.46                      
301593500       19450718   3810               12.22                      
301593500       19451206   1080                8.28                      
301593500       19470501    815                8.02                      
301593500       19480214   1550                9.91                      
301593500       19490106    703                7.27                      
301593500       19500911    560                6.39                      
301593500       19510603   1970               10.47                      
301593500       19520901   5300               13.26                      
301593500       19521122   2000               10.20                      
301593500       19531214    645                6.28                      
301593500       19550813   3790               12.11                      
301593500       19551014   1010                8.37                      
301593500       19570405    612                6.23                      
301593500       19580712   1230                9.02                      
301593500       19590902    756                7.03                      
301593500       19600912   1000                8.34                      
301593500       19610413    967                8.18                      
301593500       19620312   1280                9.12                      
301593500       19630306    819                7.38                      
301593500       19640109   1160                8.86                      
301593500       19650305    877                7.70                      
301593500       19660213   1200                8.94                      
301593500       19670307   1180                8.90                      
301593500       19680114   1410                9.37                      
301593500       19690902    684                6.63                      
301593500       19691211    686                6.64                      
301593500       19710804   3070               11.45                      
301593500       19720622  12400               18.38                      
301593500       19730401   1880               10.08                      
301593500       19740330   1110                8.70                      
301593500       19750926   5370               13.39                      
301593500       19760101   1910               10.12                      
301593500       19770322    754                7.02                      
301593500       19780126   3670               11.92                      
301593500       19790906   4680               12.84                      
301593500       19791001   1110                8.71                      
301593500       19810614    988                8.20                      
301593500       19820203    777                7.15                      
301593500       19830621   2780               10.93                      
301593500       19840701   1490                8.69                      
301593500       19850212   1430                8.53                      
301593500       19860416    680                5.56                      
301593500       19861224   1230                7.93                      
301593500       19871129   1230                7.94                      
301593500       19890506   5070               13.16                      
301593500       19891116   1040                7.85   2              8.01
301593500       19910323   2060                9.93                      
301593500       19920327   1180                7.73                      
301593500       19930304   1900                9.62                      
301593500       19931128   3180               11.42                      
301593500       19950806   1150                7.61                      
301593500       19960119   2460               10.51                      
301593500       19961108   3950               12.19                      
301593500       19980309   1570                8.91                      
301593500       19990916   2520               10.60                      
301593500       20000322    934                6.70                      
301593500       20001217   1750                9.31                      
301593500       20020502    739                5.73                      
301593500       20030923   2630               10.74                      
301593500       20031211   1660                9.12                      
301593500       20050114   1510                8.76                      
301593500       20060625   7450               15.09                      
301593500       20061117   1320                8.20                      
301593500       20080512   1410                8.46                      
301593500       20081212    918                6.63                      
301593500       20100313   1960                9.73                      
301593500       20110907   6170               14.06                      
301593500       20120601   1180                7.71                      
301593500       20121030   4270               12.47                      
301593500       20140430   6120               14.02                      
301593500       20150627   2660               10.77                      
301593500       20160731   7230               14.97                      
301593500       20170729   3770               12.05                      
301593500       20180527   7590               15.23                      
301593500       20181216   1800                9.41                      
301593500       20191101   1590                8.94                      
