Z01362198                       USGS 
H01362198       4206590742320003636111SW0202000659.5   59.5    1017.27          
N01362198       ESOPUS CREEK AT SHANDAKEN NY
Y01362198       
301362198       19510330  2000027             15.10   51874              
301362198       19631107   4000                7.90                      
301362198       19650208   1000                6.62                      
301362198       19660325   1060                6.61                      
301362198       19670402   1270                6.79                      
301362198       19680529   2820                7.94                      
301362198       19690728   7870               10.88                      
301362198       19700418   1510                6.93                      
301362198       19701023   2360                7.61                      
301362198       19720622   49109               9.57                      
301362198       19730629   5210                9.43                      
301362198       19731221   5710                                          
301362198       19741208   5680               10.87                      
301362198       19760127   41002                                         
301362198       19770314   4280               10.00                      
301362198       19780109   5350                9.87   2             10.38
301362198       19790325   3710                8.88                      
301362198       19800321  15900               13.00                      
301362198       19810220   6540               10.25                      
301362198       19820418   1790                7.51                      
301362198       19830319   2890                8.42                      
301362198       19840405   8470               10.95                      
301362198       19850927   2990                8.27                      
301362198       19860315   3680                8.73                      
301362198       19870404  16100               13.70                      
301362198       19880326   1200                5.92                      
