Z01658000                       USGS 
H01658000       3835460770321002424017SW0207001154.8           39.76            
N01658000       MATTAWOMAN CREEK NEAR POMONKEY, MD
Y01658000       
301658000       19500911   1920                5.88                      
301658000       19501205    425                4.41                      
301658000       19511222   1380                5.55                      
301658000       19521122   1100                5.30                      
301658000       19531215    485                4.33                      
301658000       19550813   9300                7.52                      
301658000       19551014   2480                5.69                      
301658000       19561101    568                4.34                      
301658000       19580321   1300                5.04                      
301658000       19590603    402                4.13                      
301658000       19600913   2280                5.60                      
301658000       19610219   1280                5.03                      
301658000       19620313    948                4.88                      
301658000       19630313   2030                5.48                      
301658000       19640220    559                4.49                      
301658000       19650306    763                4.73                      
301658000       19660213    370                4.25                      
301658000       19661020    466                4.42                      
301658000       19680115    840                4.80                      
301658000       19690225    204                3.50                      
301658000       19700415   1440                5.17                      
301658000       19710209   1110                4.99                      
301658000       19720622   7350                7.10                      
301658000       19730203   1000                4.92                      
301658000       19740331   2320                5.63                      
301658000       19750926   8700                7.40                      
301658000       19760101   1510                5.21                      
301658000       19770609   1170                5.02                      
301658000       19780126   4300                6.31                      
301658000       19790906   4900                6.48                      
301658000       19791010   1450                5.18                      
301658000       19810620    316                3.82                      
301658000       19820531   4290                6.31                      
301658000       19830416   2900                5.86                      
301658000       19840329   2550                5.72                      
301658000       19850928    892                4.84                      
301658000       19851130   1590                5.25                      
301658000       20010322   1270                6.08                      
301658000       20020429    260                4.42                      
301658000       20030223   2190                6.69                      
301658000       20040207   1420                6.20                      
301658000       20050115   1750                6.43                      
301658000       20060626   2640                6.92                      
301658000       20061117   3210                7.17                      
301658000       20080512   2240                7.86   1                  
301658000       20090606    513                5.62                      
301658000       20091226   1130                6.90                      
301658000       20110908   2400                7.98                      
301658000       20111208   1400                7.20                      
301658000       20121030   1110                6.88                      
301658000       20140430   1540                7.28                      
301658000       20150421    649                5.77                      
301658000       20160225    704                5.89                      
301658000       20170813    648                5.77                      
301658000       20180212   3060R               7.43                      
301658000       20181012   3640R               7.72                      
301658000       20200804   3500                8.07   2              8.08
