Z02487500                       USGS 
H02487500       3158400895351002828127SW03180002425    425     257.99           
N02487500       STRONG RIVER AT D`LO, MS
Y02487500       
302487500       1900      2480027Bm           33.00 5Bm                  
302487500       19290315   8180               21.20   3                  
302487500       19291115   6830               18.50   3                  
302487500       19310730   4390               12.90   3                  
302487500       19320125   6930               18.72   3                  
302487500       19321217   6930               18.72   3                  
302487500       19340304   6830               18.50   3                  
302487500       19350307  22900               28.00   3                  
302487500       19360205  12000               23.90   3                  
302487500       19370120   8670               21.12   3                  
302487500       19380408  16800               25.80   3                  
302487500       19390302   4390               17.17   6                  
302487500       19400501  13200               29.07                      
302487500       19401217   5760               20.48                      
302487500       19420322   3900               16.48                      
302487500       19430322   6230               21.32                      
302487500       19440330   8690               25.16                      
302487500       19450223   7780               23.87                      
302487500       19460211  10300               27.03                      
302487500       19470120  11200               27.78                      
302487500       19480307   7720               23.85                      
302487500       19481129  17000               30.02                      
302487500       19500107  24800               33.00                      
302487500       19510329  13800               28.71                      
302487500       19520413   2190               11.29                      
302487500       19530519   9090               25.12                      
302487500       19540329   5650               19.64                      
302487500       19550413  19800               31.07                      
302487500       19560317   9750               26.11                      
302487500       19570405   8940               25.48                      
302487500       19571120   5250               19.08                      
302487500       19590421   3950               16.01                      
302487500       19600304   5000               18.46                      
302487500       19610331  15100               29.52                      
302487500       19611218  11700               27.97                      
302487500       19630119   4510               17.33                      
302487500       19640407   8800               25.55                      
302487500       19650212   6020               20.92                      
302487500       19660214   7920               24.45                      
302487500       19670505   6270               21.49                      
302487500       19680323   4550               17.43                      
302487500       19690419   6320               21.60                      
302487500       19700304   3320               14.45                      
302487500       19710513   6510               22.02                      
302487500       19711207  11000               27.52                      
302487500       19730419   7960               24.50                      
302487500       19740414  24000               32.75                      
302487500       19741226  15100               29.60                      
302487500       19760401  14800               29.46                      
302487500       19770306  10600               27.25                      
302487500       19780126   5870               20.59                      
302487500       19790305  12300               28.37                      
302487500       19800413  23800               32.65                      
302487500       19810402   6350               21.67                      
302487500       19820217   6680               22.36                      
302487500       19830407  26400               33.48                      
302487500       19840306   6220               21.38                      
302487500       19850206   5330               19.41                      
302487500       19851030   4200               16.73                      
302487500       19870301  14600               29.38                      
302487500       19880403   5270               19.28                      
302487500       19881120   7680               24.12                      
302487500       19900216  17300               30.50                      
302487500       19910501  14000               29.17                      
302487500       19920828   4890               18.41                      
302487500       19930714   8270               24.89                      
302487500       19940129  14800               28.65                      
302487500       19950424   9990               26.85                      
302487500       19960308   7830               23.27                      
302487500       19970429  15100               29.70                      
302487500       19980124  12400               27.61                      
302487500       19990131   8840               24.52                      
302487500       20000404   5360               18.77                      
302487500       20010304  12100               27.86                      
302487500       20020410   5610               19.23                      
302487500       20030223  19000               31.32                      
302487500       20040207  16500               30.29                      
302487500       20050408   8610               24.18                      
302487500       20060321   5920               19.79                      
302487500       20070106   3170               13.89                      
302487500       20080223   7520               24.25                      
302487500       20090328  18700               31.18                      
302487500       20100206   6240               20.35                      
302487500       20110310  10700               26.71                      
302487500       20120323   6500               20.80                      
302487500       20130213  10500               26.52                      
302487500       20140408  32100               34.31                      
302487500       20150420   7200               22.17                      
302487500       20160204  13400               28.85                      
302487500       20170405  11900               27.69                      
302487500       20180227   7330               22.37                      
302487500       20190827  12700               28.37                      
302487500       20200306  11400               28.65                      
