Z01642190                       USGS 
H01642190       3926360772256002424021SW02070009703            240.00           
N01642190       MONOCACY RIVER AT MONOCACY BLVD AT FREDERICK, MD
Y01642190       
301642190       20031212  26500               24.68                      
301642190       20050403  20000               20.71                      
301642190       20060628  16500               18.33                      
301642190       20070302  18900               20.18                      
301642190       20080512  18300               19.74                      
301642190       20081212  17900               19.50                      
301642190       20091227  21300               21.66                      
301642190       20110417  26200               24.57                      
301642190       20111123  25000               23.87                      
301642190       20121030  26700               25.56                      
301642190       20140501  21500               22.47                      
301642190       20150628  15800               18.64                      
301642190       20160225  17300               19.74                      
301642190       20170506  11300               15.13                      
301642190       20180910  26500               24.55                      
301642190       20190322  17400               19.49                      
301642190       20200501  15900               18.51                      
