Z01049500                       USGS 
H01049500       4413450694641002323011SW01030003217    217     20.00            
N01049500       Cobbosseecontee Stream at Gardiner, Maine
Y01049500       
301049500       18910326   283026                                        
301049500       18920411    33626                                        
301049500       18930518   294026                                        
301049500       18940601   102026                                        
301049500       18950410   288026                                        
301049500       18960303   296026                                        
301049500       18970530   100026                                        
301049500       18980325   138026                                        
301049500       18990420   157026                                        
301049500       19000303   265026                                        
301049500       19010409   351026                                        
301049500       19011216   296026                                        
301049500       19030312   360026                                        
301049500       19040430   302026                                        
301049500       19050407    96826                                        
301049500       19060626   140026                                        
301049500       19070427   186026                                        
301049500       19080503   200026                                        
301049500       19090417   220026                                        
301049500       19100502    96826                                        
301049500       19110401    84026                                        
301049500       19120601   174026                                        
301049500       19130407   183026                                        
301049500       19140412   173026                                        
301049500       19150227   105026                                        
301049500       19160520   232026                                        
301049500       19170619   425026                                        
301049500       19180404   126026                                        
301049500       19190330   289026                                        
301049500       19200415   393026                                        
301049500       19201216   429026                                        
301049500       19220519   466026                                        
301049500       19230501   335026                                        
301049500       19240502   252026                                        
301049500       19250330   222026                                        
301049500       19260426   235026                                        
301049500       19270529   189026                                        
301049500       19280525   281026                                        
301049500       19290419   325026                                        
301049500       19300313   266026                                        
301049500       19310610   217026                                        
301049500       19320415   318026                                        
301049500       19330419   274026                                        
301049500       19340414   296026                                        
301049500       19350418   239026                                        
301049500       19360321   50206                                         
301049500       19370522   228026                                        
301049500       19380127   208026                                        
301049500       19390422   282026                                        
301049500       19400414   284026                                        
301049500       19410131    31826                                        
301049500       19420311   134026                                        
301049500       19430514   208026                                        
301049500       19440405   195026                                        
301049500       19450515   235026                                        
301049500       19460311   132026                                        
301049500       19470316   194026                                        
301049500       19480519   320026                                        
301049500       19490410   132026                                        
301049500       19500408   201026                                        
301049500       19510405   304026                                        
301049500       19520407   271026                                        
301049500       19530418   292026                                        
301049500       19540420   279026                                        
301049500       19541220   203026                                        
301049500       19560417   264026                                        
301049500       19570123    30226                                        
301049500       19580128   242026                                        
301049500       19590404   196026                                        
301049500       19600406   318026                                        
301049500       19610411   262026                                        
301049500       19620402   164026                                        
301049500       19621208   288026                                        
301049500       19640417   250026                                        
301049500       19770315   35606               6.60                      
301049500       19780329   18906               5.31                      
301049500       19790325   220026                                        
301049500       19800416   17806               6.88                      
301049500       19810930    9726               5.85                      
301049500       19820404   16406               7.07                      
301049500       19830425   35106               9.08                      
301049500       19840601   35806               9.41                      
301049500       19850313   18006               7.23                      
301049500       19860130   21706               7.80                      
301049500       19870401   42406              10.04                      
301049500       19880328   18406               7.18                      
301049500       19890513   28906               8.63                      
301049500       19900405   19006               7.28                      
301049500       19910422   22606               7.81                      
301049500       19920329   22306               7.77                      
301049500       19930415   27406               8.45                      
301049500       19940417   18706               7.30                      
301049500       19950117   11106               6.07                      
301049500       19960417   22006               7.74                      
301049500       19970419   19506               7.36                      
301049500       19980617   27906               8.31                      
301049500       19990304   17406               6.94                      
301049500       20000424   19706               7.27                      
301049500       20010414   21406               7.49                      
301049500       20020331   13106               6.35                      
301049500       20030330   12506               6.23                      
301049500       20031219   14906               6.64                      
301049500       20050404   38706               9.86                      
301049500       20060610   23106               7.85                      
301049500       20070418   28506               8.56                      
301049500       20080413   17506               7.03                      
301049500       20090407   21006               7.55                      
301049500       20100227   24706               8.06                      
301049500       20110418   22606               7.84                      
301049500       20120604   26906               8.38                      
301049500       20130915   12406               6.27                      
301049500       20140417   16706               6.99                      
301049500       20150421   16906               7.02                      
301049500       20151002   12906               6.37                      
301049500       20170414   18106               7.15                      
301049500       20180427   13806               6.41                      
301049500       20190427   14906               6.60                      
