Z01611500                       USGS 
H01611500       3934560781836005454065SW02070003675            456.60           
N01611500       CACAPON RIVER NEAR GREAT CACAPON, WV
Y01611500       
301611500       188905    575007Bd            24.70  Bd                  
301611500       19230415   3860                6.30                      
301611500       19240512  38000               19.32                      
301611500       19250212   9260                9.80                      
301611500       19260220   5430                7.50                      
301611500       19261116  100002              10.20                      
301611500       19280501  28300               17.38                      
301611500       19290417  36000               20.00                      
301611500       19291003   8880                9.60                      
301611500       19310524   3620                6.10                      
301611500       19320513  29700               17.90                      
301611500       19330824  20600               14.60                      
301611500       19340915   3620                6.10                      
301611500       19341202   9260                9.80                      
301611500       19360318  87600               30.10    1889              
301611500       19370426  47400               22.60                      
301611500       19371028  23200               16.10                      
301611500       19390204  13900               12.54                      
301611500       19400421   9290               10.29                      
301611500       19410406   6800                8.93                      
301611500       19420523  13300               12.27                      
301611500       19421016  52600               23.67                      
301611500       19440507   8980               10.16                      
301611500       19450919  13800               12.54                      
301611500       19460603   6600                8.75                      
301611500       19470315   3180                6.27                      
301611500       19480414  13300               12.29                      
301611500       19490629  15900               13.41                      
301611500       19500202   7520                9.39                      
301611500       19501205  19600               14.83                      
301611500       19520428  18200               14.34                      
301611500       19521122  16600               13.68                      
301611500       19540302  27100               17.30                      
301611500       19550819  55500               24.30                      
301611500       19560315   6800                9.04                      
301611500       19570406   8240                9.85                      
301611500       19580328   5950                8.53                      
301611500       19590603  12600               12.02                      
301611500       19600509  22100               15.74                      
301611500       19610220  12800               12.11                      
301611500       19620322  16400               13.64                      
301611500       19630320  19700               14.85                      
301611500       19640305   8980               10.20   2             14.84
301611500       19650306  10800               11.16                      
301611500       19660501   3850                7.07   2              7.25
301611500       19670308  17900               14.20                      
301611500       19680317  10900               11.19                      
301611500       19690326   1950                4.93                      
301611500       19700130   7860                9.59                      
301611500       19710214   9700               10.58                      
301611500       19720622  45500               22.17                      
301611500       19730428  10100               10.90                      
301611500       19731227  17700               14.11                      
301611500       19750320  24100               16.35                      
301611500       19760101  17000               13.83                      
301611500       19761010  27800               17.52                      
301611500       19780126  20200               15.03                      
301611500       19790226  16600               13.69                      
301611500       19800501  11500               11.48                      
301611500       19810414   3670                6.66                      
301611500       19820614  15800               13.38                      
301611500       19830425  14000               12.60                      
301611500       19840215  20100               15.01                      
301611500       19850212  24000               16.31                      
301611500       19851105  44500               21.95                      
301611500       19870417  18000               14.44                      
301611500       19880507  19100               14.64                      
301611500       19890517   7600                9.37                      
301611500       19891117   6230                8.48                      
301611500       19910324  15700               13.31                      
301611500       19920422  10200               10.84                      
301611500       19930305  26000               16.96                      
301611500       19931128  14400               12.79                      
301611500       19950116  11700               11.57                      
301611500       19961109  10900               11.20                      
301611500       19971108  12300               11.81                      
301611500       19990319   3760                6.69                      
301611500       20000219   8560                9.92                      
301611500       20010412   4170                7.03   2                  
301611500       20020422   6160                8.47                      
301611500       20030920  33800               19.17                      
301611500       20031211  14000               12.54                      
301611500       20050329   9090               10.21                      
301611500       20051130  10300               10.85                      
301611500       20070416  19200               14.61                      
301611500       20080421  10400               10.88                      
301611500       20090505  12400               11.86                      
301611500       20100314  17300               13.92                      
301611500       20110518  17900               14.13                      
301611500       20111208   9310               10.33                      
301611500       20121030  20400               15.05                      
301611500       20140516  19000               14.54                      
301611500       20150306   3990                6.73                      
301611500       20160204   8830               10.07                      
301611500       20170506   8100               10.30                      
301611500       20180603  24100               16.24                      
301611500       20181216  15200               13.05                      
301611500       20200501   9030               10.29                      
